<?xml version="1.0" encoding="UTF-8" standalone="no"?>
<!DOCTYPE svg PUBLIC "-//W3C//DTD SVG 20010904//EN"
              "http://www.w3.org/TR/2001/REC-SVG-20010904/DTD/svg10.dtd">

<svg xmlns="http://www.w3.org/2000/svg"
     width="0.4in" height="0.411111in"
     viewBox="0 0 36 37">
  <path id="Ruta importada"
        fill="none" stroke="black" stroke-width="1"
        d="M 33.23,34.87
           C 33.23,34.87 33.23,34.87 33.23,34.87
             32.74,34.87 32.30,34.67 31.98,34.35
             31.98,34.35 25.28,27.68 25.28,27.68
             22.88,29.52 19.87,30.62 16.61,30.62
             8.73,30.62 2.34,24.23 2.34,16.35
             2.34,8.47 8.73,2.09 16.61,2.09
             24.49,2.09 30.87,8.47 30.87,16.35
             30.87,19.68 29.73,22.75 27.81,25.18
             27.81,25.18 34.48,31.85 34.48,31.85
             34.80,32.17 35.00,32.61 35.00,33.10
             35.00,34.07 34.21,34.87 33.23,34.87
             33.23,34.87 33.23,34.87 33.23,34.87 Z
           M 16.45,5.38
           C 16.44,5.38 16.43,5.38 16.42,5.38
             10.39,5.38 5.51,10.26 5.51,16.28
             5.51,22.31 10.39,27.19 16.42,27.19
             22.44,27.19 27.32,22.31 27.32,16.29
             27.32,10.28 22.46,5.40 16.45,5.38
             16.45,5.38 16.45,5.38 16.45,5.38 Z
           M 2.00,1.87
           C 2.00,1.87 35.00,1.87 35.00,1.87
             35.00,1.87 35.00,34.87 35.00,34.87
             35.00,34.87 2.00,34.87 2.00,34.87
             2.00,34.87 2.00,1.87 2.00,1.87 Z
           M 36.00,0.00
           C 36.00,0.00 36.00,37.00 36.00,37.00
             36.00,37.00 0.00,37.00 0.00,37.00
             0.00,37.00 0.00,0.00 0.00,0.00
             0.00,0.00 36.00,0.00 36.00,0.00 Z
           M 0.00,-0.13
           C 0.00,-0.13 33.00,-0.13 33.00,-0.13
             33.00,-0.13 33.00,32.87 33.00,32.87
             33.00,32.87 0.00,32.87 0.00,32.87
             0.00,32.87 0.00,-0.13 0.00,-0.13 Z" />
</svg>
